SCD 1                   
1 22490U 93009B   19095.40283575  .00000231  00000-0  13686-4 0  9990
2 22490  24.9689 216.3565 0043203  72.9900 349.0182 14.44546701380738
TECHSAT 1B (GO-32)      
1 25397U 98043D   19095.61359559 -.00000016  00000-0  12199-4 0  9991
2 25397  98.6829  36.6810 0000339 193.4827 166.6342 14.23662768 77112
SCD 2                   
1 25504U 98060A   19095.24536538  .00000217  00000-0  10481-4 0  9997
2 25504  24.9959  64.6057 0017487  96.0629  43.1641 14.44064712 80014
LANDSAT 7               
1 25682U 99020A   19096.17867794 -.00000005  00000-0  87947-5 0  9993
2 25682  98.1348 165.3123 0001770  92.5634 267.5771 14.57148839 62411
DLR-TUBSAT              
1 25757U 99029B   19095.77671508 -.00000025  00000-0  52900-5 0  9999
2 25757  98.4120  17.7851 0015806  89.3246 270.9760 14.51399376 51862
TERRA                   
1 25994U 99068A   19096.19640583 -.00000041  00000-0  93373-6 0  9999
2 25994  98.2085 171.8101 0001206  97.1957 262.9435 14.57111808 26497
MAROC-TUBSAT            
1 27004U 01056D   19095.88358661 -.00000047  00000-0 -38388-5 0  9992
2 27004  99.4504 230.7757 0020662  71.6202  40.3694 13.70133838866116
AQUA                    
1 27424U 02022A   19095.62214212  .00000110  00000-0  34463-4 0  9995
2 27424  98.2048  37.6068 0000646 295.2388 191.4621 14.57114393899968
IRS-P6 (RESOURCESAT-1)  
1 28051U 03046A   19096.14833909 -.00000194  00000-0 -52499-4 0  9990
2 28051  98.5218 174.8505 0056594 245.8747 113.6470 14.34163558803561
SHIYAN 1 (SY-1)         
1 28220U 04012A   19095.45718906  .00000232  00000-0  23668-4 0  9991
2 28220  97.7939  57.6198 0013889  77.2461 283.0314 14.99796058814925
FORMOSAT-2 (ROCSAT 2)   
1 28254U 04018A   19096.06854999  .00000236  00000-0  18673-3 0  9998
2 28254  98.7699 143.2952 0002132 116.3279 299.0890 14.00670360760696
AURA                    
1 28376U 04026A   19095.60360176  .00000051  00000-0  21296-4 0  9991
2 28376  98.2050  39.7515 0001067  92.5065 267.6255 14.57121770783010
IRS-P5 (CARTOSAT-1)     
1 28649U 05017A   19096.20044025  .00000099  00000-0  18346-4 0  9998
2 28649  97.8609 168.0634 0003084  81.7673 278.3904 14.83627580753535
SINAH 1                 
1 28893U 05043D   19095.55811254 -.00000020  00000-0  51138-5 0  9993
2 28893  97.9607 235.6377 0014090 239.7966 120.1841 14.61499568716216
EROS B                  
1 29079U 06014A   19096.10260506  .00001704  00000-0  74047-4 0  9991
2 29079  97.4102 215.7651 0004345  53.8129  69.1031 15.23645682718494
RESURS-DK 1             
1 29228U 06021A   19095.61678078  .00000095  00000-0  14480-4 0  9994
2 29228  69.9354 225.0552 0002758  14.0033 346.1204 15.02420783706831
ARIRANG-2 (KOMPSAT-2)   
1 29268U 06031A   19096.14535256  .00000080  00000-0  24890-4 0  9998
2 29268  98.0401 350.3332 0019509  96.6459 263.6973 14.62418759677152
LAPAN-TUBSAT            
1 29709U 07001A   19096.10116746  .00000003  00000-0  68247-5 0  9991
2 29709  97.7982  60.1772 0014355 100.1610 260.1222 14.82167445661438
CARTOSAT-2 (IRS-P7)     
1 29710U 07001B   19096.12984103  .00000125  00000-0  24145-4 0  9998
2 29710  97.9823 155.8270 0001626  98.3595 261.7831 14.78655775660422
HAIYANG-1B              
1 31113U 07010A   19096.11883962 -.00000009  00000-0  12846-4 0  9995
2 31113  98.4635 146.9637 0014935  69.3298 290.9484 14.30217626625518
COSMO-SKYMED 1          
1 31598U 07023A   19096.13174300 -.00000120  00000-0 -84804-5 0  9996
2 31598  97.8900 280.5398 0001539  89.1262 271.0124 14.82152929639909
TERRASAR-X              
1 31698U 07026A   19096.34395832 -.00001146  00000-0 -51375-4 0  9993
2 31698  97.4460 104.6034 0002042  92.1941  22.6436 15.19145231654797
WORLDVIEW-1 (WV-1)      
1 32060U 07041A   19096.11258162  .00000786  00000-0  34835-4 0  9992
2 32060  97.3922 216.7364 0002012  66.0043  37.1921 15.24502293642488
YAOGAN 3                
1 32289U 07055A   19096.21870691  .00000183  00000-0  30500-4 0  9994
2 32289  98.0051 107.0154 0001512  81.1996 278.9385 14.80949920616124
COSMO-SKYMED 2          
1 32376U 07059A   19096.16548178 -.00013849  00000-0 -17476-2 0  9991
2 32376  97.8895 280.5738 0001969  54.6672 305.4705 14.81893670612658
RADARSAT-2              
1 32382U 07061A   19096.18147156  .00000214  00000-0  10000-3 0  9991
2 32382  98.5767 104.1629 0001411  97.7637 351.9760 14.29983905590332
CARTOSAT-2A             
1 32783U 08021A   19096.17591557 -.00000208  00000-0 -21186-4 0  9993
2 32783  97.9811 156.2449 0012435 353.8185   6.2886 14.78658285590377
JASON-2 (OSTM)          
1 33105U 08032A   19095.88406962 -.00000025  00000-0  14629-3 0  9995
2 33105  66.0410 179.3163 0008174 273.1359 214.5684 12.87630717505261
RAPIDEYE 2              
1 33312U 08040A   19096.14423318  .00000009  00000-0  77228-5 0  9995
2 33312  97.7517 167.3263 0013259   9.1330 351.0141 14.80757795572680
RAPIDEYE 5              
1 33313U 08040B   19096.10018007  .00000059  00000-0  14257-4 0  9994
2 33313  97.7605 166.0652 0016667 248.8963 111.0479 14.80742435572624
RAPIDEYE 1              
1 33314U 08040C   19096.08832886  .00000029  00000-0  10425-4 0  9991
2 33314  97.7523 167.0229 0024759  22.5243 337.7056 14.80754947572667
RAPIDEYE 3              
1 33315U 08040D   19096.05705512  .00000003  00000-0  70543-5 0  9994
2 33315  97.7620 165.9051 0012675 326.1345  33.9054 14.80761191572624
RAPIDEYE 4              
1 33316U 08040E   19096.17988488  .00000043  00000-0  12189-4 0  9998
2 33316  97.7649 165.8536 0011178 271.1934  88.8005 14.80760441572636
HUANJING 1A (HJ-1A)     
1 33320U 08041A   19096.09981703  .00000029  00000-0  11198-4 0  9991
2 33320  97.8472 156.5553 0027035  59.5011 300.8873 14.77002137569896
HUANJING 1B (HJ-1B)     
1 33321U 08041B   19096.13392410  .00000077  00000-0  17928-4 0  9998
2 33321  97.8545 158.3853 0036250  77.6675 282.8614 14.77112626569894
GEOEYE 1                
1 33331U 08042A   19096.19418092 -.00000104  00000-0 -10610-4 0  9995
2 33331  98.1019 171.8913 0009160   6.8236 353.3099 14.64384348565399
THEOS                   
1 33396U 08049A   19096.19283164  .00000169  00000-0  10000-3 0  9994
2 33396  98.6921 164.5275 0001626 106.6017 312.7558 14.20046049544865
COSMO-SKYMED 3          
1 33412U 08054A   19096.15281232  .00000303  00000-0  44631-4 0  9997
2 33412  97.8900 280.5614 0001597  91.1152 269.0213 14.82155357565117
YAOGAN 4                
1 33446U 08061A   19096.15756881  .00000091  00000-0  19735-4 0  9990
2 33446  97.6669  66.9186 0015339 327.7599  32.2673 14.76939197557134
GOSAT (IBUKI)           
1 33492U 09002A   19095.84838428  .00000097  00000-0  25519-4 0  9993
2 33492  98.0250 209.6363 0001549  85.4120 274.7261 14.67570783546287
YAOGAN 6                
1 34839U 09021A   19096.04565780  .00000561  00000-0  23854-4 0  9997
2 34839  97.0615 123.9570 0029309 140.0231 220.3174 15.26490940552920
DEIMOS-1                
1 35681U 09041A   19096.19431291  .00000086  00000-0  21464-4 0  9997
2 35681  97.8743 340.4857 0002754  52.8115 307.3348 14.71778282519925
DUBAISAT-1              
1 35682U 09041B   19096.08896968 -.00000083  00000-0 -63824-5 0  9998
2 35682  97.7340 293.4467 0010893 202.9313 157.1406 14.68723021518778
OCEANSAT-2              
1 35931U 09051A   19096.23814811  .00000086  00000-0  33052-4 0  9990
2 35931  98.2975 192.3522 0001349  12.7707 347.3522 14.50864863504873
WORLDVIEW-2 (WV-2)      
1 35946U 09055A   19096.08348735 -.00000243  00000-0 -66660-4 0  9998
2 35946  98.4373 173.1090 0001320 189.9938 170.1284 14.37638779498039
SMOS                    
1 36036U 09059A   19096.14626934  .00000022  00000-0  20768-4 0  9992
2 36036  98.4449 284.4521 0001344  97.0407 263.0934 14.39769162495297
YAOGAN 7                
1 36110U 09069A   19096.15955328  .00000070  00000-0  18385-4 0  9994
2 36110  98.2681 277.3820 0024197 171.9665 188.1927 14.75105451501885
TANDEM-X                
1 36605U 10030A   19096.34387578 -.00000986  00000-0 -43755-4 0  9997
2 36605  97.4458 104.6056 0002164  91.3887  23.0014 15.19146129487536
CARTOSAT-2B             
1 36795U 10035A   19096.14504740  .00000071  00000-0  16876-4 0  9999
2 36795  97.9788 155.8772 0016083  63.4224 296.8642 14.78639222471412
YAOGAN 10               
1 36834U 10038A   19096.18789390  .00000060  00000-0  14526-4 0  9994
2 36834  97.9658  96.9523 0001550  72.0969 288.0414 14.80907903467867
COSMO-SKYMED 4          
1 37216U 10060A   19096.11488410  .00000010  00000-0  78788-5 0  9992
2 37216  97.8905 280.5239 0001600  80.9898 279.1486 14.82152489455192
RESOURCESAT-2           
1 37387U 11015A   19096.51247555  .00000199  00000-0  11056-3 0  9990
2 37387  98.7192 172.5025 0004287 185.7396 174.3628 14.21623378413217
HAIYANG 2A              
1 37781U 11043A   19096.43341941 -.00000419  00000-0 -36899-3 0  9993
2 37781  99.3208 106.6423 0001854  77.3620 282.7732 13.78721492384688
RASAT                   
1 37791U 11044D   19096.14949474  .00000032  00000-0  15096-4 0  9994
2 37791  98.1156 190.0009 0021182 206.8703 153.1410 14.64710841408089
MEGHA-TROPIQUES         
1 37838U 11058A   19095.42326018  .00000295  00000-0  17813-4 0  9994
2 37838  19.9767 140.8710 0009854  69.1930 290.9529 14.09697296385954
SRMSAT                  
1 37841U 11058D   19095.45593375  .00000305  00000-0  22331-4 0  9996
2 37841  19.9713 120.1860 0012049 100.9742  45.0496 14.10628053386197
YAOGAN 13               
1 37941U 11072A   19096.14333000  .00000655  00000-0  35652-4 0  9995
2 37941  97.5233  28.3845 0003117 109.7599   3.2631 15.17922360407470
PLEIADES 1A             
1 38012U 11076F   19096.09497360 -.00000048  00000-0 -48563-6 0  9998
2 38012  98.2033 171.7630 0001743  82.2711 277.8689 14.58552323388769
ZIYUAN 1-02C (ZY 1-02C) 
1 38038U 11079A   19096.13895994  .00000050  00000-0  31891-4 0  9994
2 38038  98.2502 145.1765 0001182  69.5190 290.6131 14.35489830381897
ZIYUAN 3 (ZY 3)         
1 38046U 12001A   19096.08395550  .00000570  00000-0  28580-4 0  9994
2 38046  97.4598 170.4682 0001367 322.8779 129.9670 15.21305669401971
RISAT-1                 
1 38248U 12017A   19096.13678208  .00000179  00000-0  15021-4 0  9996
2 38248  97.5725 105.6865 0003145 327.0732  33.0301 15.09764812382499
ARIRANG-3 (KOMPSAT-3)   
1 38338U 12025B   19096.13618443  .00000034  00000-0  16275-4 0  9992
2 38338  98.1550  34.9580 0011372  72.8337 287.4113 14.61745208367299
KANOPUS-V 1             
1 38707U 12039A   19096.13704131  .00002144  00000-0  10568-3 0  9999
2 38707  97.4574  15.6863 0001607  74.7477  37.0299 15.19008768371963
EXACTVIEW-1 (ADS-1B)    
1 38709U 12039C   19096.02434287  .00000006  00000-0  23442-4 0  9992
2 38709  99.1427 107.5027 0010919 161.9035 198.2534 14.23988666348457
SPOT 6                  
1 38755U 12047A   19096.17919878 -.00000043  00000-0  54127-6 0  9990
2 38755  98.2178 164.1143 0001824  93.0596 267.0818 14.58541874349850
PLEIADES 1B             
1 39019U 12068A   19096.19805303 -.00000359  00000-0 -67344-4 0  9990
2 39019  98.1754 171.8585 0001556  78.3278 281.8058 14.58556819337631
GOKTURK 2               
1 39030U 12073A   19096.15276102  .00000026  00000-0  11893-4 0  9991
2 39030  98.0030 346.8271 0002741  94.2748 265.8774 14.72727090337399
LANDSAT 8               
1 39084U 13008A   19096.14942153  .00000026  00000-0  15814-4 0  9991
2 39084  98.1931 167.1112 0001343  88.8957 271.2423 14.57117264326877
SARAL                   
1 39086U 13009A   19096.15289137 -.00000024  00000-0  73679-5 0  9994
2 39086  98.5416 283.4802 0002220 100.5357 259.6076 14.32034679319271
GAOFEN 1                
1 39150U 13018A   19096.20909747  .00000040  00000-0  12951-4 0  9990
2 39150  97.9019 178.1417 0020651  92.9805 267.3781 14.76531913320347
VNREDSAT 1              
1 39160U 13021B   19096.50414236  .00000048  00000-0  18589-4 0  9993
2 39160  98.1869 172.4855 0001982  70.8870 289.2504 14.62861808315850
ARIRANG-5 (KOMPSAT-5)   
1 39227U 13042A   19096.11215959 -.00000074  00000-0 -99187-6 0  9994
2 39227  97.6169 281.3366 0002552  76.2040  63.6999 15.04513848308614
YAOGAN 18               
1 39363U 13059A   19096.18509375  .00000441  00000-0  24811-4 0  9994
2 39363  97.3065 156.0095 0002836  78.7730   5.9943 15.18045404301144
SKYSAT-1                
1 39418U 13066C   19096.01191990 -.00000601  00000-0 -44795-4 0  9998
2 39418  97.6527 179.2126 0020138 235.0732 124.8624 14.98796103293602
DUBAISAT-2              
1 39419U 13066D   19096.17596446 -.00000389  00000-0 -31257-4 0  9993
2 39419  97.5999 160.9240 0012323 227.8158 132.2032 14.93961895292733
GPM-CORE                
1 39574U 14009C   19095.59414461  .00004314  00000-0  66904-4 0  9991
2 39574  65.0083 204.2284 0011823 288.1154  71.8704 15.55502008289779
SENTINEL-1A             
1 39634U 14016A   19096.20168602 -.00000009  00000-0  78779-5 0  9990
2 39634  98.1820 104.4321 0001494  82.1271 278.0101 14.59198734266654
KAZEOSAT 1              
1 39731U 14024A   19096.21120769 -.00000012  00000-0  95281-5 0  9991
2 39731  98.3578 174.2402 0001247  85.3302 274.8035 14.42037030259728
ALOS-2                  
1 39766U 14029A   19096.04736183  .00000142  00000-0  25839-4 0  9992
2 39766  97.9187 193.9332 0001587  81.7926 278.3464 14.79472453262873
KAZEOSAT 2              
1 40010U 14033A   19096.18314066  .00000033  00000-0  10746-4 0  9998
2 40010  97.8458 356.8582 0015166 297.1609  62.8074 14.82109666259408
HODOYOSHI-4             
1 40011U 14033B   19096.15659644  .00000080  00000-0  17096-4 0  9997
2 40011  97.8254 351.1064 0025551 292.6296  67.2223 14.81087674259146
DEIMOS-2                
1 40013U 14033D   19096.12890774 -.00000249  00000-0 -23247-4 0  9991
2 40013  97.8460   1.4161 0002019  42.9271 317.2113 14.84568928259834
HODOYOSHI-3             
1 40015U 14033F   19096.19573193  .00000122  00000-0  23682-4 0  9994
2 40015  97.7982 341.9201 0035811 305.2486  54.5375 14.78475779258698
SPOT 7                  
1 40053U 14034A   19096.14401383 -.00000040  00000-0  11554-5 0  9999
2 40053  98.1489 163.8315 0001590  78.1324 282.0078 14.58576322253785
SKYSAT-2                
1 40072U 14037D   19096.02019229  .00000114  00000-0  22210-4 0  9995
2 40072  98.4140 246.1408 0007584  96.4199 263.7883 14.81164243256350
WORLDVIEW-3 (WV-3)      
1 40115U 14048A   19096.12713878  .00000022  00000-0  87441-5 0  9993
2 40115  97.8135 176.2399 0001248  61.5491 298.5858 14.85000210251749
YAOGAN 21               
1 40143U 14053A   19096.40885778  .00005365  00000-0  20841-3 0  9994
2 40143  97.2314 160.7692 0007016  42.4850  86.0224 15.26455416254707
YAOGAN 22               
1 40275U 14063A   19096.00717014 -.00000045  00000-0  00000+0 0  9996
2 40275 100.4566 209.5733 0006068  24.7252 335.4141 13.15333628214129
ASNARO                  
1 40298U 14070A   19096.18113426  .00000871  00000-0  44165-4 0  9996
2 40298  97.4441 180.0888 0002031  82.9716 333.0459 15.19557190244781
HODOYOSHI-1             
1 40299U 14070B   19096.20031072  .00000624  00000-0  29258-4 0  9998
2 40299  97.3521 177.4739 0011301 305.9458 105.9980 15.23268364245082
QSAT-EOS                
1 40301U 14070D   19096.18173362  .00001642  00000-0  66856-4 0  9994
2 40301  97.3305 174.8411 0024401 300.9566 115.4109 15.25667160245082
YAOGAN 23               
1 40305U 14071A   19096.17715354  .00000505  00000-0  28231-4 0  9993
2 40305  97.4856  34.3829 0001237 105.3175   5.3469 15.17920411243240
YAOGAN 24               
1 40310U 14072A   19096.41230689 -.00021378  00000-0 -30809-2 0  9995
2 40310  98.0732 224.3875 0018903 113.5450 246.7941 14.76249005235898
CBERS 4                 
1 40336U 14079A   19096.13824904 -.00000030  00000-0  44829-5 0  9999
2 40336  98.3766 164.9984 0000891  96.8892 263.2411 14.35500862226809
RESURS P2               
1 40360U 14087A   19096.14868073  .00000626  00000-0  22002-4 0  9999
2 40360  97.2569 188.1866 0008305 324.6676 129.1229 15.33015171239154
YAOGAN 26               
1 40362U 14088A   19095.78423685  .00000908  00000-0  40767-4 0  9998
2 40362  97.2921 172.1427 0007321 231.4006 244.2059 15.23616420238076
SMAP                    
1 40376U 15003A   19096.02895155  .00000052  00000-0  19196-4 0  9996
2 40376  98.1221 104.0252 0000471  55.5236 304.6031 14.63361757223105
KOMPSAT-3A              
1 40536U 15014A   19096.10617722  .00000682  00000-0  43263-4 0  9998
2 40536  97.5455  35.2810 0009788 205.1720 275.6428 15.12189210222474
SENTINEL-2A             
1 40697U 15028A   19096.15158182  .00000046  00000-0  34241-4 0  9996
2 40697  98.5721 171.6716 0001277  88.2785 271.8558 14.30815476197781
CARBONITE 1 (CBNT-1)    
1 40718U 15032D   19096.15177396  .00000122  00000-0  25767-4 0  9991
2 40718  97.8948 344.5974 0016188 178.3667 181.7603 14.74674614201211
YAOGAN 27               
1 40878U 15040A   19096.16280396 -.00000044  00000-0  00000+0 0  9995
2 40878 100.2975 152.4728 0009173 144.7104 215.4618 13.15961650173367
LAPAN-A2                
1 40931U 15052B   19095.86189898  .00000734  00000-0  13157-4 0  9996
2 40931   5.9991 223.0838 0012941 191.8280 168.2209 14.76602431190332
YAOGAN 28               
1 41026U 15064A   19096.20356479  .00000815  00000-0  37001-4 0  9999
2 41026  97.3939 227.5182 0001354 154.6563 298.6591 15.23580076190361
YAOGAN 29               
1 41038U 15069A   19096.19011392  .00000016  00000-0  89657-5 0  9995
2 41038  97.9712  81.0197 0000941  92.7526 267.3801 14.80400396181433
KENT RIDGE 1            
1 41167U 15077B   19096.10832819  .00000964  00000-0  18864-4 0  9996
2 41167  14.9804  74.2774 0011539  74.4753   0.4521 15.09012105182464
TELEOS 1                
1 41169U 15077D   19096.17628888  .00001212  00000-0  32653-4 0  9993
2 41169  14.9813  64.7138 0010024  91.8333  27.6970 15.10173349182558
JASON-3                 
1 41240U 16002A   19095.87819316 -.00000040  00000-0  91540-4 0  9995
2 41240  66.0411 196.0945 0007822 273.7883  86.2237 12.80931531150380
SENTINEL-3A             
1 41335U 16011A   19096.18774232  .00000009  00000-0  21740-4 0  9991
2 41335  98.6305 164.2099 0001250  88.3292 271.8032 14.26733730163188
SENTINEL-1B             
1 41456U 16025A   19096.16691750 -.00000010  00000-0  76865-5 0  9993
2 41456  98.1817 104.2245 0001492  81.2741 278.8630 14.59198422156813
ZIYUAN 3-2 (ZY 3-2)     
1 41556U 16033A   19096.12308456  .00000680  00000-0  33466-4 0  9998
2 41556  97.4010 174.6168 0003839 101.1696 319.6896 15.21272160158276
NUSAT-1 (FRESCO)        
1 41557U 16033B   19096.19740211  .00001582  00000-0  62371-4 0  9994
2 41557  97.4180 184.1367 0013632 190.9173 169.1772 15.27002756158875
NUSAT-2 (BATATA)        
1 41558U 16033C   19096.19241035  .00001654  00000-0  61493-4 0  9999
2 41558  97.4204 184.9414 0012630 192.1583 167.9354 15.28901925158903
CARTOSAT-2C             
1 41599U 16040A   19096.17602350  .00000302  00000-0  17454-4 0  9998
2 41599  97.3690 156.0523 0012194 303.2552 131.7425 15.19312387154556
SKYSAT-C1               
1 41601U 16040C   19096.18849119 -.00004046  00000-0 -16794-3 0  9995
2 41601  97.4110 175.7572 0001883  88.0765 356.3040 15.23285671154870
LAPAN-A3                
1 41603U 16040E   19096.16106352  .00000130  00000-0  92317-5 0  9995
2 41603  97.3697 156.6539 0011761 300.6517 139.0100 15.19685243154570
BIROS                   
1 41604U 16040F   19096.21125455  .00000544  00000-0  27113-4 0  9997
2 41604  97.3725 158.9975 0010749 285.6815  74.3235 15.21648453154722
SKYSAT-C4               
1 41771U 16058B   19095.15551263  .00019846  00000-0  83667-3 0  9993
2 41771  97.4048 167.2817 0002186  83.5964 353.0242 15.23351365141669
SKYSAT-C5               
1 41772U 16058C   19096.15389843  .00000560  00000-0  26553-4 0  9993
2 41772  97.4058 167.8388 0001890  71.5724  12.0823 15.23289061141808
SKYSAT-C2               
1 41773U 16058D   19096.11611421  .00000534  00000-0  25460-4 0  9997
2 41773  97.4082 168.3661 0001666  95.3446 350.0277 15.23314717141807
SKYSAT-C3               
1 41774U 16058E   19096.18785747  .00000593  00000-0  27913-4 0  9998
2 41774  97.4100 168.4363 0002190  87.8765 324.5817 15.23346175141812
ALSAT 1B                
1 41785U 16059C   19096.17892459 -.00000001  00000-0  91057-5 0  9995
2 41785  98.0734 157.7410 0029763 252.3184 107.4787 14.63313924134801
PATHFINDER 1            
1 41787U 16059E   19096.05862282  .00000043  00000-0  17386-4 0  9992
2 41787  98.0767 158.2230 0029192 251.4220 108.3819 14.63657581134819
SCATSAT 1               
1 41790U 16059H   19096.13532603  .00000012  00000-0  14250-4 0  9999
2 41790  98.2186 142.9529 0016898 272.7215  87.2046 14.50894559133663
WORLDVIEW-4 (WV-4)      
1 41848U 16067A   19096.14432135  .00002799  00000-0  31502-3 0  9994
2 41848  97.8821 175.8311 0008825 184.4140 175.7884 14.87447378129907
GOKTURK 1A              
1 41875U 16073A   19096.14259620  .00000016  00000-0  12235-4 0  9990
2 41875  98.1424 351.7505 0001416  68.1795 291.9566 14.62765406124487
RESOURCESAT-2A          
1 41877U 16074A   19096.18870835 -.00000024  00000-0  86042-5 0  9992
2 41877  98.6380 170.6161 0001265 117.9897 242.1413 14.21661339120771
CARTOSAT-2D             
1 41948U 17008A   19096.06871782  .00000532  00000-0  28413-4 0  9998
2 41948  97.4046 157.8946 0008553  85.3325 274.8870 15.19254097118408
SENTINEL-2B             
1 42063U 17013A   19096.18657424 -.00000010  00000-0  12952-4 0  9994
2 42063  98.5723 171.7133 0001463  84.7744 275.3610 14.30813846108700
ZHUHAI-1 02 (CAS 4B)    
1 42759U 17034B   19095.83392854  .00000273  00000-0  30271-4 0  9997
2 42759  43.0176 276.4099 0009737 150.9426 339.5956 15.09525645 99673
NUSAT-3 (MILANESAT)     
1 42760U 17034C   19096.23672454  .00000315  00000-0  32457-4 0  9996
2 42760  43.0186 274.5342 0008515 172.8991 173.0622 15.09938592 99736
ZHUHAI-1 01 (CAS 4A)    
1 42761U 17034D   19095.80073476  .00000137  00000-0  21914-4 0  9996
2 42761  43.0193 276.1758 0010224 151.2150 338.7820 15.09601677 99665
CARTOSAT-2E             
1 42767U 17036C   19096.14532786  .00000359  00000-0  20275-4 0  9991
2 42767  97.4817 155.7001 0009936 118.4387 241.7851 15.19240108 98985
FORMOSAT-5              
1 42920U 17049A   19096.16480218 -.00000041  00000-0  85963-6 0  9996
2 42920  98.3322 175.1495 0009422 228.6552 131.3857 14.50828055 85464
SENTINEL-5P             
1 42969U 17064A   19095.83819226 -.00000023  00000-0  10008-4 0  9990
2 42969  98.7307  36.2847 0001038  87.2198 272.9097 14.19554906 76523
SKYSAT-C11              
1 42987U 17068A   19096.23140380  .00000668  00000-0  32596-4 0  9997
2 42987  97.4226 210.8297 0010614 112.0016 248.2349 15.21657995 79226
SKYSAT-C10              
1 42988U 17068B   19096.17258481  .00000715  00000-0  34702-4 0  9997
2 42988  97.4211 210.6651 0005997 129.0450 321.9344 15.21650540 79213
SKYSAT-C9               
1 42989U 17068C   19096.10287242  .00000692  00000-0  33686-4 0  9992
2 42989  97.4237 211.0427 0001754  81.3654  45.7383 15.21622856 79225
SKYSAT-C8               
1 42990U 17068D   19096.07739366  .00000702  00000-0  34039-4 0  9994
2 42990  97.4235 210.9065 0005044 150.7309 262.1815 15.21745193 79219
SKYSAT-C7               
1 42991U 17068E   19096.07565041  .00000710  00000-0  34490-4 0  9992
2 42991  97.4239 210.9229 0006220 164.5566 301.6375 15.21658720 79210
SKYSAT-C6               
1 42992U 17068F   19096.06540508  .00000777  00000-0  37404-4 0  9994
2 42992  97.4233 211.1022 0010256 230.8763 231.0316 15.21687838 79223
CARTOSAT-2F             
1 43111U 18004A   19096.20216322  .00000608  00000-0  32030-4 0  9992
2 43111  97.4372 158.8408 0004200 125.0658 320.2182 15.19255139 68172
MICROSAT-TD             
1 43128U 18004T   19096.11129964  .00022289  00000-0  17984-3 0  9994
2 43128  96.8152 154.2810 0005983  60.5630 299.6231 15.70859226 70450
NUSAT-4 (ADA)           
1 43195U 18015D   19096.15644853  .00001302  00000-0  57189-4 0  9998
2 43195  97.3827 224.7829 0017453 193.2297 291.7693 15.23591725 65139
NUSAT-5 (MARYAM)        
1 43204U 18015K   19096.20258196  .00001436  00000-0  62427-4 0  9995
2 43204  97.3837 224.8774 0016757 195.9808 285.7169 15.23788768 64746
SENTINEL-3B             
1 43437U 18039A   19096.16034190  .00000000  00000-0  18207-4 0  9993
2 43437  98.6249 164.1358 0001507  80.1665 279.9685 14.26736385 49248
AEOLUS                  
1 43600U 18066A   19096.51207507 -.00000136  00000-0  00000+0 0  9996
2 43600  96.7178 104.4220 0004461 134.0266 226.2127 15.86616023 35922
ICESAT-2                
1 43613U 18070A   19095.58743880  .00000348  00000-0  12416-4 0  9993
2 43613  91.9989 303.1871 0002413  95.6297 264.5227 15.28274874 30868
HYSIS                   
1 43719U 18096A   19096.18858202  .00000094  00000-0  19886-4 0  9996
2 43719  97.9541 164.7445 0009887 196.3463 163.7440 14.78622021 18902
KAZSTSAT                
1 43783U 18099AB  19095.84461541 -.00000208  00000-0 -14328-4 0  9993
2 43783  97.7644 168.6579 0008389 194.1762 165.9224 14.93592688 18366
SAUDISAT 5A             
1 43831U 18102A   19095.82595205  .00000735  00000-0  52004-4 0  9991
2 43831  97.6099 172.2074 0013692 210.8974 266.7902 15.07855117 18030
SAUDISAT 5B             
1 43833U 18102C   19095.85576603 -.00000341  00000-0 -17827-4 0  9996
2 43833  97.6090 172.3146 0014159 220.2809 247.6727 15.08284833 18030
